image: map1_r.pgm
resolution: 0.0502257
origin: [0.0, 0.0, 0.000000]
negate: 0
occupied_thresh: 0.65
free_thresh: 0.196
