%YAML:1.0
---
Descriptors: !!opencv-matrix
   rows: 171
   cols: 32
   dt: u
   data: [ 2, 141, 2, 158, 148, 131, 174, 230, 22, 0, 88, 2, 96, 234, 48,
       64, 121, 106, 19, 193, 18, 186, 8, 255, 40, 38, 142, 192, 21, 14,
       176, 136, 2, 141, 34, 158, 84, 131, 174, 230, 22, 1, 88, 2, 96,
       232, 48, 64, 121, 106, 19, 195, 226, 186, 12, 255, 32, 38, 138,
       128, 21, 14, 112, 136, 86, 184, 150, 190, 137, 205, 16, 232, 191,
       149, 160, 9, 238, 254, 100, 82, 225, 251, 235, 16, 2, 75, 218,
       241, 153, 210, 95, 127, 144, 4, 39, 218, 92, 68, 220, 229, 44, 42,
       120, 24, 172, 186, 179, 8, 223, 43, 25, 91, 239, 197, 125, 35, 8,
       229, 203, 136, 214, 251, 115, 148, 228, 251, 67, 1, 252, 104, 122,
       239, 36, 159, 91, 48, 101, 42, 247, 8, 255, 89, 145, 17, 222, 228,
       76, 106, 200, 182, 105, 157, 215, 249, 97, 16, 98, 171, 66, 1, 82,
       181, 22, 190, 27, 196, 52, 103, 173, 1, 232, 18, 172, 254, 32, 83,
       230, 51, 251, 0, 82, 139, 18, 221, 177, 242, 90, 27, 16, 0, 167,
       155, 18, 135, 96, 186, 223, 225, 184, 109, 143, 21, 217, 179, 109,
       238, 62, 64, 239, 155, 159, 149, 30, 11, 78, 213, 154, 116, 154,
       255, 181, 14, 181, 214, 75, 181, 189, 225, 163, 118, 189, 151, 40,
       255, 30, 22, 156, 63, 90, 106, 167, 87, 189, 152, 147, 216, 177,
       194, 111, 223, 254, 196, 142, 208, 165, 123, 47, 166, 224, 131,
       253, 61, 250, 200, 79, 125, 189, 223, 200, 72, 222, 140, 255, 137,
       215, 183, 150, 98, 77, 210, 30, 92, 139, 255, 223, 207, 88, 197,
       39, 38, 226, 3, 253, 59, 234, 200, 95, 249, 253, 255, 200, 200,
       223, 172, 249, 140, 198, 63, 151, 242, 205, 210, 30, 28, 131, 239,
       207, 239, 90, 133, 74, 253, 185, 83, 187, 221, 31, 183, 170, 125,
       12, 173, 188, 247, 66, 50, 135, 83, 241, 83, 211, 72, 250, 117,
       111, 85, 29, 251, 138, 86, 135, 123, 88, 26, 158, 180, 138, 160,
       24, 2, 166, 151, 134, 189, 239, 231, 66, 91, 167, 247, 237, 149,
       30, 77, 131, 32, 218, 227, 122, 153, 160, 96, 45, 27, 37, 118, 0,
       65, 125, 31, 226, 152, 123, 232, 125, 76, 210, 24, 223, 180, 153,
       76, 66, 110, 133, 50, 221, 26, 46, 28, 5, 52, 74, 187, 90, 132,
       109, 114, 209, 65, 109, 62, 98, 216, 123, 186, 119, 76, 74, 208,
       221, 190, 125, 204, 102, 126, 129, 246, 253, 194, 30, 92, 69, 46,
       203, 255, 106, 165, 237, 112, 215, 197, 109, 14, 111, 152, 113,
       170, 179, 76, 90, 83, 197, 255, 126, 212, 126, 234, 233, 247, 249,
       202, 23, 250, 197, 22, 42, 243, 98, 33, 237, 112, 213, 78, 105,
       62, 103, 152, 115, 170, 99, 76, 90, 211, 205, 255, 85, 212, 110,
       106, 201, 214, 251, 234, 23, 186, 69, 6, 234, 247, 66, 37, 48,
       223, 19, 78, 29, 199, 23, 232, 198, 140, 232, 40, 98, 241, 40, 80,
       216, 232, 194, 98, 72, 163, 42, 61, 49, 180, 5, 27, 81, 58, 118,
       210, 120, 179, 248, 96, 168, 201, 81, 215, 162, 61, 172, 41, 55,
       151, 66, 18, 131, 146, 204, 16, 26, 43, 194, 49, 219, 197, 52,
       121, 224, 130, 198, 43, 254, 80, 245, 229, 101, 78, 111, 48, 33,
       234, 182, 72, 219, 23, 145, 255, 54, 213, 253, 234, 233, 212, 249,
       200, 183, 250, 197, 130, 47, 183, 66, 49, 73, 61, 17, 101, 49, 14,
       102, 54, 105, 168, 110, 76, 158, 51, 0, 244, 148, 116, 124, 104,
       65, 216, 145, 12, 165, 248, 36, 2, 74, 176, 75, 41, 48, 69, 2,
       204, 149, 198, 70, 97, 196, 128, 234, 2, 114, 240, 48, 96, 120,
       228, 2, 234, 72, 179, 24, 141, 49, 172, 135, 1, 113, 58, 240, 2,
       28, 21, 119, 231, 52, 70, 95, 56, 100, 104, 223, 98, 219, 127,
       184, 96, 126, 212, 29, 235, 201, 176, 121, 142, 227, 237, 163,
       132, 63, 170, 116, 115, 48, 252, 251, 255, 116, 205, 127, 210, 55,
       72, 124, 47, 179, 253, 37, 48, 255, 251, 23, 67, 143, 186, 114,
       63, 239, 221, 53, 170, 113, 153, 70, 219, 82, 41, 82, 161, 34, 10,
       120, 80, 41, 32, 242, 2, 15, 10, 0, 80, 38, 149, 95, 192, 8, 153,
       129, 192, 150, 249, 10, 128, 37, 128, 35, 9, 34, 45, 34, 136, 84,
       131, 170, 70, 22, 0, 88, 2, 40, 200, 48, 64, 120, 43, 19, 209,
       130, 186, 0, 255, 48, 4, 138, 232, 21, 8, 112, 136, 18, 8, 22,
       149, 38, 128, 184, 70, 173, 0, 82, 130, 172, 142, 48, 64, 102, 39,
       63, 129, 0, 153, 128, 224, 148, 48, 154, 128, 4, 4, 33, 9, 96, 33,
       112, 64, 100, 25, 234, 67, 107, 32, 248, 10, 10, 136, 84, 16, 218,
       129, 87, 1, 128, 58, 226, 192, 22, 28, 2, 40, 69, 138, 66, 129, 0,
       141, 2, 138, 20, 131, 170, 198, 6, 1, 88, 2, 32, 200, 48, 64, 120,
       42, 19, 209, 18, 186, 0, 191, 40, 36, 138, 72, 20, 10, 48, 136,
       66, 8, 6, 149, 4, 130, 168, 70, 188, 0, 210, 2, 172, 170, 32, 64,
       98, 167, 59, 128, 0, 153, 0, 236, 20, 34, 218, 128, 4, 40, 33, 8,
       32, 161, 66, 136, 92, 129, 162, 200, 6, 1, 248, 10, 32, 200, 112,
       0, 88, 136, 2, 209, 2, 50, 72, 153, 60, 4, 139, 108, 149, 10, 112,
       128, 2, 141, 2, 158, 212, 131, 174, 230, 22, 1, 90, 3, 104, 234,
       48, 64, 121, 107, 19, 197, 34, 154, 10, 255, 40, 38, 158, 200, 21,
       14, 176, 136, 2, 141, 2, 158, 20, 131, 174, 230, 22, 0, 90, 2, 96,
       234, 48, 64, 121, 106, 19, 195, 98, 154, 10, 255, 32, 38, 142,
       128, 21, 78, 176, 136, 53, 132, 237, 101, 180, 11, 103, 184, 116,
       226, 254, 74, 211, 97, 144, 112, 123, 204, 126, 42, 169, 240, 109,
       14, 238, 175, 229, 4, 229, 234, 82, 160, 86, 184, 150, 186, 137,
       205, 16, 232, 175, 149, 160, 9, 238, 254, 102, 82, 225, 243, 239,
       17, 10, 75, 154, 241, 155, 210, 95, 127, 144, 4, 39, 218, 76, 32,
       152, 165, 44, 42, 91, 24, 44, 168, 255, 40, 223, 43, 201, 90, 254,
       197, 125, 170, 8, 176, 201, 0, 214, 255, 35, 148, 160, 243, 3, 1,
       232, 76, 120, 127, 44, 143, 95, 176, 117, 42, 246, 8, 255, 91,
       129, 113, 220, 224, 93, 106, 232, 180, 105, 63, 199, 249, 96, 144,
       114, 155, 66, 41, 108, 12, 58, 239, 37, 63, 91, 16, 101, 170, 255,
       8, 251, 89, 17, 25, 216, 165, 108, 42, 136, 182, 121, 136, 199,
       251, 97, 16, 114, 235, 66, 3, 210, 145, 22, 158, 139, 192, 180,
       109, 173, 21, 195, 51, 108, 254, 40, 67, 226, 179, 251, 128, 114,
       11, 154, 213, 177, 242, 90, 91, 16, 2, 165, 26, 54, 135, 100, 170,
       159, 97, 154, 233, 15, 21, 153, 179, 201, 239, 46, 64, 255, 147,
       159, 179, 26, 3, 75, 213, 155, 80, 139, 255, 151, 15, 180, 210,
       77, 21, 191, 229, 165, 118, 125, 23, 121, 203, 126, 18, 221, 63,
       90, 106, 245, 87, 189, 184, 145, 248, 177, 194, 239, 255, 246,
       196, 130, 224, 229, 115, 63, 102, 224, 161, 125, 59, 218, 200, 91,
       191, 189, 159, 75, 72, 223, 12, 255, 205, 215, 255, 142, 119, 77,
       210, 30, 93, 141, 247, 231, 255, 90, 199, 38, 110, 226, 26, 109,
       59, 178, 200, 223, 183, 177, 175, 202, 200, 127, 10, 217, 201,
       203, 119, 142, 103, 238, 242, 30, 20, 143, 255, 213, 127, 94, 198,
       75, 189, 185, 115, 187, 221, 63, 182, 170, 125, 12, 40, 188, 127,
       66, 50, 167, 115, 249, 83, 211, 72, 250, 117, 111, 93, 29, 250,
       130, 86, 135, 123, 91, 187, 135, 180, 139, 180, 24, 7, 171, 211,
       138, 205, 207, 238, 66, 218, 167, 231, 253, 149, 31, 75, 146, 192,
       152, 247, 223, 219, 136, 100, 171, 86, 37, 107, 104, 5, 100, 31,
       238, 186, 90, 236, 48, 77, 195, 8, 215, 16, 152, 204, 102, 111,
       204, 242, 229, 26, 110, 29, 37, 180, 69, 189, 90, 197, 191, 98,
       240, 101, 101, 31, 254, 216, 123, 234, 182, 111, 75, 8, 215, 190,
       191, 205, 244, 255, 140, 246, 205, 202, 22, 93, 229, 183, 239,
       255, 90, 133, 107, 189, 57, 90, 187, 221, 23, 188, 142, 76, 44,
       173, 254, 213, 2, 48, 150, 123, 217, 66, 195, 10, 122, 61, 107,
       85, 13, 122, 90, 6, 135, 123, 120, 187, 88, 96, 186, 137, 82, 213,
       163, 45, 172, 45, 47, 131, 66, 16, 166, 155, 205, 80, 26, 43, 138,
       49, 250, 197, 36, 123, 106, 130, 142, 27, 239, 67, 213, 78, 105,
       30, 110, 248, 249, 170, 245, 76, 106, 210, 141, 255, 214, 228,
       238, 110, 229, 103, 239, 200, 54, 122, 69, 62, 74, 183, 106, 37,
